01110110000011000001101110001000100001101110100000
01110110000011000001101110001000100001101110110000
01110110000011000001101110001000100001111110100000
01110110000011000001101110001000100001111110110000
01110110000011000001101110001000100011101110100000
01110110000011000001101110001000100011101110110000
01110110000011000001101110001000100011111110100000
01110110000011000001101110001000100011111110110000
01110110000011000001101110001000110001101110100000
01110110000011000001101110001000110001101110110000
01110110000011000001101110001000110001111110100000
01110110000011000001101110001000110001111110110000
01110110000011000001101110001000110011101110100000
01110110000011000001101110001000110011101110110000
01110110000011000001101110001000110011111110100000
01110110000011000001101110001000110011111110110000
01110110000011000001101110101000100001101110100000
01110110000011000001101110101000100001101110110000
01110110000011000001101110101000100001111110100000
01110110000011000001101110101000100001111110110000
01110110000011000001101110101000100011101110100000
01110110000011000001101110101000100011101110110000
01110110000011000001101110101000100011111110100000
01110110000011000001101110101000100011111110110000
01110110000011000001101110101000110001101110100000
01110110000011000001101110101000110001101110110000
01110110000011000001101110101000110001111110100000
01110110000011000001101110101000110001111110110000
01110110000011000001101110101000110011101110100000
01110110000011000001101110101000110011101110110000
01110110000011000001101110101000110011111110100000
01110110000011000001101110101000110011111110110000
01110110000011000001111110001000100001101110100000
01110110000011000001111110001000100001101110110000
01110110000011000001111110001000100001111110100000
01110110000011000001111110001000100001111110110000
01110110000011000001111110001000100011101110100000
01110110000011000001111110001000100011101110110000
01110110000011000001111110001000100011111110100000
01110110000011000001111110001000100011111110110000
01110110000011000001111110001000110001101110100000
01110110000011000001111110001000110001101110110000
01110110000011000001111110001000110001111110100000
01110110000011000001111110001000110001111110110000
01110110000011000001111110001000110011101110100000
01110110000011000001111110001000110011101110110000
01110110000011000001111110001000110011111110100000
01110110000011000001111110001000110011111110110000
01110110000011000001111110101000100001101110100000
01110110000011000001111110101000100001101110110000
01110110000011000001111110101000100001111110100000
01110110000011000001111110101000100001111110110000
01110110000011000001111110101000100011101110100000
01110110000011000001111110101000100011101110110000
01110110000011000001111110101000100011111110100000
01110110000011000001111110101000100011111110110000
01110110000011000001111110101000110001101110100000
01110110000011000001111110101000110001101110110000
01110110000011000001111110101000110001111110100000
01110110000011000001111110101000110001111110110000
01110110000011000001111110101000110011101110100000
01110110000011000001111110101000110011101110110000
01110110000011000001111110101000110011111110100000
01110110000011000001111110101000110011111110110000
01110110000011010001101110001000100001101110100000
01110110000011010001101110001000100001101110110000
01110110000011010001101110001000100001111110100000
01110110000011010001101110001000100001111110110000
01110110000011010001101110001000100011101110100000
01110110000011010001101110001000100011101110110000
01110110000011010001101110001000100011111110100000
01110110000011010001101110001000100011111110110000
01110110000011010001101110001000110001101110100000
01110110000011010001101110001000110001101110110000
01110110000011010001101110001000110001111110100000
01110110000011010001101110001000110001111110110000
01110110000011010001101110001000110011101110100000
01110110000011010001101110001000110011101110110000
01110110000011010001101110001000110011111110100000
01110110000011010001101110001000110011111110110000
01110110000011010001101110101000100001101110100000
01110110000011010001101110101000100001101110110000
01110110000011010001101110101000100001111110100000
01110110000011010001101110101000100001111110110000
01110110000011010001101110101000100011101110100000
01110110000011010001101110101000100011101110110000
01110110000011010001101110101000100011111110100000
01110110000011010001101110101000100011111110110000
01110110000011010001101110101000110001101110100000
01110110000011010001101110101000110001101110110000
01110110000011010001101110101000110001111110100000
01110110000011010001101110101000110001111110110000
01110110000011010001101110101000110011101110100000
01110110000011010001101110101000110011101110110000
01110110000011010001101110101000110011111110100000
01110110000011010001101110101000110011111110110000
01110110000011010001111110001000100001101110100000
01110110000011010001111110001000100001101110110000
01110110000011010001111110001000100001111110100000
01110110000011010001111110001000100001111110110000
01110110000011010001111110001000100011101110100000
01110110000011010001111110001000100011101110110000
01110110000011010001111110001000100011111110100000
01110110000011010001111110001000100011111110110000
01110110000011010001111110001000110001101110100000
01110110000011010001111110001000110001101110110000
01110110000011010001111110001000110001111110100000
01110110000011010001111110001000110001111110110000
01110110000011010001111110001000110011101110100000
01110110000011010001111110001000110011101110110000
01110110000011010001111110001000110011111110100000
01110110000011010001111110001000110011111110110000
01110110000011010001111110101000100001101110100000
01110110000011010001111110101000100001101110110000
01110110000011010001111110101000100001111110100000
01110110000011010001111110101000100001111110110000
01110110000011010001111110101000100011101110100000
01110110000011010001111110101000100011101110110000
01110110000011010001111110101000100011111110100000
01110110000011010001111110101000100011111110110000
01110110000011010001111110101000110001101110100000
01110110000011010001111110101000110001101110110000
01110110000011010001111110101000110001111110100000
01110110000011010001111110101000110001111110110000
01110110000011010001111110101000110011101110100000
01110110000011010001111110101000110011101110110000
01110110000011010001111110101000110011111110100000
01110110000011010001111110101000110011111110110000
01110110010011000001101110001000100001101110100000
01110110010011000001101110001000100001101110110000
01110110010011000001101110001000100001111110100000
01110110010011000001101110001000100001111110110000
01110110010011000001101110001000100011101110100000
01110110010011000001101110001000100011101110110000
01110110010011000001101110001000100011111110100000
01110110010011000001101110001000100011111110110000
01110110010011000001101110001000110001101110100000
01110110010011000001101110001000110001101110110000
01110110010011000001101110001000110001111110100000
01110110010011000001101110001000110001111110110000
01110110010011000001101110001000110011101110100000
01110110010011000001101110001000110011101110110000
01110110010011000001101110001000110011111110100000
01110110010011000001101110001000110011111110110000
01110110010011000001101110101000100001101110100000
01110110010011000001101110101000100001101110110000
01110110010011000001101110101000100001111110100000
01110110010011000001101110101000100001111110110000
01110110010011000001101110101000100011101110100000
01110110010011000001101110101000100011101110110000
01110110010011000001101110101000100011111110100000
01110110010011000001101110101000100011111110110000
01110110010011000001101110101000110001101110100000
01110110010011000001101110101000110001101110110000
01110110010011000001101110101000110001111110100000
01110110010011000001101110101000110001111110110000
01110110010011000001101110101000110011101110100000
01110110010011000001101110101000110011101110110000
01110110010011000001101110101000110011111110100000
01110110010011000001101110101000110011111110110000
01110110010011000001111110001000100001101110100000
01110110010011000001111110001000100001101110110000
01110110010011000001111110001000100001111110100000
01110110010011000001111110001000100001111110110000
01110110010011000001111110001000100011101110100000
01110110010011000001111110001000100011101110110000
01110110010011000001111110001000100011111110100000
01110110010011000001111110001000100011111110110000
01110110010011000001111110001000110001101110100000
01110110010011000001111110001000110001101110110000
01110110010011000001111110001000110001111110100000
01110110010011000001111110001000110001111110110000
01110110010011000001111110001000110011101110100000
01110110010011000001111110001000110011101110110000
01110110010011000001111110001000110011111110100000
01110110010011000001111110001000110011111110110000
01110110010011000001111110101000100001101110100000
01110110010011000001111110101000100001101110110000
01110110010011000001111110101000100001111110100000
01110110010011000001111110101000100001111110110000
01110110010011000001111110101000100011101110100000
01110110010011000001111110101000100011101110110000
01110110010011000001111110101000100011111110100000
01110110010011000001111110101000100011111110110000
01110110010011000001111110101000110001101110100000
01110110010011000001111110101000110001101110110000
01110110010011000001111110101000110001111110100000
01110110010011000001111110101000110001111110110000
01110110010011000001111110101000110011101110100000
01110110010011000001111110101000110011101110110000
01110110010011000001111110101000110011111110100000
01110110010011000001111110101000110011111110110000
01110110010011010001101110001000100001101110100000
01110110010011010001101110001000100001101110110000
01110110010011010001101110001000100001111110100000
01110110010011010001101110001000100001111110110000
01110110010011010001101110001000100011101110100000
01110110010011010001101110001000100011101110110000
01110110010011010001101110001000100011111110100000
01110110010011010001101110001000100011111110110000
01110110010011010001101110001000110001101110100000
01110110010011010001101110001000110001101110110000
01110110010011010001101110001000110001111110100000
01110110010011010001101110001000110001111110110000
01110110010011010001101110001000110011101110100000
01110110010011010001101110001000110011101110110000
01110110010011010001101110001000110011111110100000
01110110010011010001101110001000110011111110110000
01110110010011010001101110101000100001101110100000
01110110010011010001101110101000100001101110110000
01110110010011010001101110101000100001111110100000
01110110010011010001101110101000100001111110110000
01110110010011010001101110101000100011101110100000
01110110010011010001101110101000100011101110110000
01110110010011010001101110101000100011111110100000
01110110010011010001101110101000100011111110110000
01110110010011010001101110101000110001101110100000
01110110010011010001101110101000110001101110110000
01110110010011010001101110101000110001111110100000
01110110010011010001101110101000110001111110110000
01110110010011010001101110101000110011101110100000
01110110010011010001101110101000110011101110110000
01110110010011010001101110101000110011111110100000
01110110010011010001101110101000110011111110110000
01110110010011010001111110001000100001101110100000
01110110010011010001111110001000100001101110110000
01110110010011010001111110001000100001111110100000
01110110010011010001111110001000100001111110110000
01110110010011010001111110001000100011101110100000
01110110010011010001111110001000100011101110110000
01110110010011010001111110001000100011111110100000
01110110010011010001111110001000100011111110110000
01110110010011010001111110001000110001101110100000
01110110010011010001111110001000110001101110110000
01110110010011010001111110001000110001111110100000
01110110010011010001111110001000110001111110110000
01110110010011010001111110001000110011101110100000
01110110010011010001111110001000110011101110110000
01110110010011010001111110001000110011111110100000
01110110010011010001111110001000110011111110110000
01110110010011010001111110101000100001101110100000
01110110010011010001111110101000100001101110110000
01110110010011010001111110101000100001111110100000
01110110010011010001111110101000100001111110110000
01110110010011010001111110101000100011101110100000
01110110010011010001111110101000100011101110110000
01110110010011010001111110101000100011111110100000
01110110010011010001111110101000100011111110110000
01110110010011010001111110101000110001101110100000
01110110010011010001111110101000110001101110110000
01110110010011010001111110101000110001111110100000
01110110010011010001111110101000110001111110110000
01110110010011010001111110101000110011101110100000
01110110010011010001111110101000110011101110110000
01110110010011010001111110101000110011111110100000
01110110010011010001111110101000110011111110110000
