00010011000000011100000010100011111110100100111001
00010011000000011100000010100011111110100100111101
00010011000000011100000010100011111110101100111001
00010011000000011100000010100011111110101100111101
00010011000000011100000011100011111110100100111001
00010011000000011100000011100011111110100100111101
00010011000000011100000011100011111110101100111001
00010011000000011100000011100011111110101100111101
00010011000000011100100010100011111110100100111001
00010011000000011100100010100011111110100100111101
00010011000000011100100010100011111110101100111001
00010011000000011100100010100011111110101100111101
00010011000000011100100011100011111110100100111001
00010011000000011100100011100011111110100100111101
00010011000000011100100011100011111110101100111001
00010011000000011100100011100011111110101100111101
00010011000000011110000010100011111110100100111001
00010011000000011110000010100011111110100100111101
00010011000000011110000010100011111110101100111001
00010011000000011110000010100011111110101100111101
00010011000000011110000011100011111110100100111001
00010011000000011110000011100011111110100100111101
00010011000000011110000011100011111110101100111001
00010011000000011110000011100011111110101100111101
00010011000000011110100010100011111110100100111001
00010011000000011110100010100011111110100100111101
00010011000000011110100010100011111110101100111001
00010011000000011110100010100011111110101100111101
00010011000000011110100011100011111110100100111001
00010011000000011110100011100011111110100100111101
00010011000000011110100011100011111110101100111001
00010011000000011110100011100011111110101100111101
00010011000100011100000010100011111110100100111001
00010011000100011100000010100011111110100100111101
00010011000100011100000010100011111110101100111001
00010011000100011100000010100011111110101100111101
00010011000100011100000011100011111110100100111001
00010011000100011100000011100011111110100100111101
00010011000100011100000011100011111110101100111001
00010011000100011100000011100011111110101100111101
00010011000100011100100010100011111110100100111001
00010011000100011100100010100011111110100100111101
00010011000100011100100010100011111110101100111001
00010011000100011100100010100011111110101100111101
00010011000100011100100011100011111110100100111001
00010011000100011100100011100011111110100100111101
00010011000100011100100011100011111110101100111001
00010011000100011100100011100011111110101100111101
00010011000100011110000010100011111110100100111001
00010011000100011110000010100011111110100100111101
00010011000100011110000010100011111110101100111001
00010011000100011110000010100011111110101100111101
00010011000100011110000011100011111110100100111001
00010011000100011110000011100011111110100100111101
00010011000100011110000011100011111110101100111001
00010011000100011110000011100011111110101100111101
00010011000100011110100010100011111110100100111001
00010011000100011110100010100011111110100100111101
00010011000100011110100010100011111110101100111001
00010011000100011110100010100011111110101100111101
00010011000100011110100011100011111110100100111001
00010011000100011110100011100011111110100100111101
00010011000100011110100011100011111110101100111001
00010011000100011110100011100011111110101100111101
00010111000000011100000010100011111110100100111001
00010111000000011100000010100011111110100100111101
00010111000000011100000010100011111110101100111001
00010111000000011100000010100011111110101100111101
00010111000000011100000011100011111110100100111001
00010111000000011100000011100011111110100100111101
00010111000000011100000011100011111110101100111001
00010111000000011100000011100011111110101100111101
00010111000000011100100010100011111110100100111001
00010111000000011100100010100011111110100100111101
00010111000000011100100010100011111110101100111001
00010111000000011100100010100011111110101100111101
00010111000000011100100011100011111110100100111001
00010111000000011100100011100011111110100100111101
00010111000000011100100011100011111110101100111001
00010111000000011100100011100011111110101100111101
00010111000000011110000010100011111110100100111001
00010111000000011110000010100011111110100100111101
00010111000000011110000010100011111110101100111001
00010111000000011110000010100011111110101100111101
00010111000000011110000011100011111110100100111001
00010111000000011110000011100011111110100100111101
00010111000000011110000011100011111110101100111001
00010111000000011110000011100011111110101100111101
00010111000000011110100010100011111110100100111001
00010111000000011110100010100011111110100100111101
00010111000000011110100010100011111110101100111001
00010111000000011110100010100011111110101100111101
00010111000000011110100011100011111110100100111001
00010111000000011110100011100011111110100100111101
00010111000000011110100011100011111110101100111001
00010111000000011110100011100011111110101100111101
00010111000100011100000010100011111110100100111001
00010111000100011100000010100011111110100100111101
00010111000100011100000010100011111110101100111001
00010111000100011100000010100011111110101100111101
00010111000100011100000011100011111110100100111001
00010111000100011100000011100011111110100100111101
00010111000100011100000011100011111110101100111001
00010111000100011100000011100011111110101100111101
00010111000100011100100010100011111110100100111001
00010111000100011100100010100011111110100100111101
00010111000100011100100010100011111110101100111001
00010111000100011100100010100011111110101100111101
00010111000100011100100011100011111110100100111001
00010111000100011100100011100011111110100100111101
00010111000100011100100011100011111110101100111001
00010111000100011100100011100011111110101100111101
00010111000100011110000010100011111110100100111001
00010111000100011110000010100011111110100100111101
00010111000100011110000010100011111110101100111001
00010111000100011110000010100011111110101100111101
00010111000100011110000011100011111110100100111001
00010111000100011110000011100011111110100100111101
00010111000100011110000011100011111110101100111001
00010111000100011110000011100011111110101100111101
00010111000100011110100010100011111110100100111001
00010111000100011110100010100011111110100100111101
00010111000100011110100010100011111110101100111001
00010111000100011110100010100011111110101100111101
00010111000100011110100011100011111110100100111001
00010111000100011110100011100011111110100100111101
00010111000100011110100011100011111110101100111001
00010111000100011110100011100011111110101100111101
00110011000000011100000010100011111110100100111001
00110011000000011100000010100011111110100100111101
00110011000000011100000010100011111110101100111001
00110011000000011100000010100011111110101100111101
00110011000000011100000011100011111110100100111001
00110011000000011100000011100011111110100100111101
00110011000000011100000011100011111110101100111001
00110011000000011100000011100011111110101100111101
00110011000000011100100010100011111110100100111001
00110011000000011100100010100011111110100100111101
00110011000000011100100010100011111110101100111001
00110011000000011100100010100011111110101100111101
00110011000000011100100011100011111110100100111001
00110011000000011100100011100011111110100100111101
00110011000000011100100011100011111110101100111001
00110011000000011100100011100011111110101100111101
00110011000000011110000010100011111110100100111001
00110011000000011110000010100011111110100100111101
00110011000000011110000010100011111110101100111001
00110011000000011110000010100011111110101100111101
00110011000000011110000011100011111110100100111001
00110011000000011110000011100011111110100100111101
00110011000000011110000011100011111110101100111001
00110011000000011110000011100011111110101100111101
00110011000000011110100010100011111110100100111001
00110011000000011110100010100011111110100100111101
00110011000000011110100010100011111110101100111001
00110011000000011110100010100011111110101100111101
00110011000000011110100011100011111110100100111001
00110011000000011110100011100011111110100100111101
00110011000000011110100011100011111110101100111001
00110011000000011110100011100011111110101100111101
00110011000100011100000010100011111110100100111001
00110011000100011100000010100011111110100100111101
00110011000100011100000010100011111110101100111001
00110011000100011100000010100011111110101100111101
00110011000100011100000011100011111110100100111001
00110011000100011100000011100011111110100100111101
00110011000100011100000011100011111110101100111001
00110011000100011100000011100011111110101100111101
00110011000100011100100010100011111110100100111001
00110011000100011100100010100011111110100100111101
00110011000100011100100010100011111110101100111001
00110011000100011100100010100011111110101100111101
00110011000100011100100011100011111110100100111001
00110011000100011100100011100011111110100100111101
00110011000100011100100011100011111110101100111001
00110011000100011100100011100011111110101100111101
00110011000100011110000010100011111110100100111001
00110011000100011110000010100011111110100100111101
00110011000100011110000010100011111110101100111001
00110011000100011110000010100011111110101100111101
00110011000100011110000011100011111110100100111001
00110011000100011110000011100011111110100100111101
00110011000100011110000011100011111110101100111001
00110011000100011110000011100011111110101100111101
00110011000100011110100010100011111110100100111001
00110011000100011110100010100011111110100100111101
00110011000100011110100010100011111110101100111001
00110011000100011110100010100011111110101100111101
00110011000100011110100011100011111110100100111001
00110011000100011110100011100011111110100100111101
00110011000100011110100011100011111110101100111001
00110011000100011110100011100011111110101100111101
00110111000000011100000010100011111110100100111001
00110111000000011100000010100011111110100100111101
00110111000000011100000010100011111110101100111001
00110111000000011100000010100011111110101100111101
00110111000000011100000011100011111110100100111001
00110111000000011100000011100011111110100100111101
00110111000000011100000011100011111110101100111001
00110111000000011100000011100011111110101100111101
00110111000000011100100010100011111110100100111001
00110111000000011100100010100011111110100100111101
00110111000000011100100010100011111110101100111001
00110111000000011100100010100011111110101100111101
00110111000000011100100011100011111110100100111001
00110111000000011100100011100011111110100100111101
00110111000000011100100011100011111110101100111001
00110111000000011100100011100011111110101100111101
00110111000000011110000010100011111110100100111001
00110111000000011110000010100011111110100100111101
00110111000000011110000010100011111110101100111001
00110111000000011110000010100011111110101100111101
00110111000000011110000011100011111110100100111001
00110111000000011110000011100011111110100100111101
00110111000000011110000011100011111110101100111001
00110111000000011110000011100011111110101100111101
00110111000000011110100010100011111110100100111001
00110111000000011110100010100011111110100100111101
00110111000000011110100010100011111110101100111001
00110111000000011110100010100011111110101100111101
00110111000000011110100011100011111110100100111001
00110111000000011110100011100011111110100100111101
00110111000000011110100011100011111110101100111001
00110111000000011110100011100011111110101100111101
00110111000100011100000010100011111110100100111001
00110111000100011100000010100011111110100100111101
00110111000100011100000010100011111110101100111001
00110111000100011100000010100011111110101100111101
00110111000100011100000011100011111110100100111001
00110111000100011100000011100011111110100100111101
00110111000100011100000011100011111110101100111001
00110111000100011100000011100011111110101100111101
00110111000100011100100010100011111110100100111001
00110111000100011100100010100011111110100100111101
00110111000100011100100010100011111110101100111001
00110111000100011100100010100011111110101100111101
00110111000100011100100011100011111110100100111001
00110111000100011100100011100011111110100100111101
00110111000100011100100011100011111110101100111001
00110111000100011100100011100011111110101100111101
00110111000100011110000010100011111110100100111001
00110111000100011110000010100011111110100100111101
00110111000100011110000010100011111110101100111001
00110111000100011110000010100011111110101100111101
00110111000100011110000011100011111110100100111001
00110111000100011110000011100011111110100100111101
00110111000100011110000011100011111110101100111001
00110111000100011110000011100011111110101100111101
00110111000100011110100010100011111110100100111001
00110111000100011110100010100011111110100100111101
00110111000100011110100010100011111110101100111001
00110111000100011110100010100011111110101100111101
00110111000100011110100011100011111110100100111001
00110111000100011110100011100011111110100100111101
00110111000100011110100011100011111110101100111001
00110111000100011110100011100011111110101100111101
